# Cameras (5)
# PhotoID, X, Y, Z, Omega, Phi, Kappa, r11, r12, r13, r21, r22, r23, r31, r32, r33
DJI_0001	129.3734887577045072	36.7172910984579914	99.5810934482862109	-0.9627565868104199	-0.1252448229303387	-19.6742114195299358	0.9416199248677920	-0.3365893591048164	0.0077149484368336	0.3366706681459052	0.9415016098223628	-0.0150857519563696	-0.0021859327903667	0.0168024414686706	0.9998564395244589
DJI_0002	129.3736164812983134	36.7174598974538426	104.9198212880153704	-0.2127020921042614	0.0626153466558848	-25.4094861656487261	0.9032637245250102	-0.4290853959015142	0.0006057897716848	0.4290844318426834	0.9032562989249937	-0.0038221463295053	0.0010928437438908	0.0037123410892676	0.9999925120800598
DJI_0003	129.3739889648244628	36.7179414086675422	120.8495615160487375	0.2052807907062408	-0.2953642080047754	-26.6643014006470942	0.8936392924590725	-0.4487759142660229	0.0029989578095787	0.4487563262843999	0.8936371425421119	0.0055151689818271	-0.0051550550897072	-0.0035827704174040	0.9999802943874235
DJI_0004	129.3741707778872296	36.7181760494223894	129.8409588066849665	0.4100648023769492	-0.5364526888037319	-26.8494663339744903	0.8921571144154505	-0.4516962042381339	0.0051207689616473	0.4516281905565143	0.8921431062700955	0.0106139262007001	-0.0093627289048554	-0.0071566061514288	0.9999305587368793
DJI_0005	129.3743584905989508	36.7184089348425218	138.3085638439389982	0.6771509205836704	-0.8316900877694494	-27.0103758302481083	0.8908304352592379	-0.4542729628457862	0.0075637849749729	0.4541040012880277	0.8907841679700341	0.0171208092138527	-0.0145152206335297	-0.0118169929019497	0.9998248181800226
