# Cameras (5)
# PhotoID, X, Y, Z, Omega, Phi, Kappa, r11, r12, r13, r21, r22, r23, r31, r32, r33
DJI_0001	412065.2417444444727153	460266.2869342155754566	99.5811297956551869	-0.9593599128210599	-0.1490554140282855	-18.2548477188996578	0.9496694128182759	-0.3131588830085793	0.0077149433057228	0.3132430981364538	0.9495531480206294	-0.0150857732313963	-0.0026015048082855	0.0167431501496014	0.9998564392430548
DJI_0002	412076.1910631520440802	460285.3064297139644623	104.9198579141810228	-0.2141889238710709	0.0573271001377914	-23.9898540242195608	0.9136170112133195	-0.4065754417636542	0.0006057857134901	0.4065746619360097	0.9136095639453230	-0.0038221642111251	0.0010005464810848	0.0037382913646023	0.9999925120141713
DJI_0003	412108.1521492495085113	460339.5790278557687998	120.8495989335397240	0.2125360359792175	-0.2901863601093208	-25.2444126336263146	0.9044851385420831	-0.4264945960158669	0.0029989541129288	0.4264750674007838	0.9044825039431506	0.0055151560472853	-0.0050646857756244	-0.0037093975240671	0.9999802944698474
DJI_0004	412123.7536030062474310	460366.0268225250765681	129.8409968015217544	0.4232322948152324	-0.5261257317066965	-25.4294467482818369	0.9030766501534612	-0.4294488813703390	0.0051207653107776	0.4293812358404152	0.9030609609059236	0.0106139151979035	-0.0091824972508244	-0.0073864184443454	0.9999305588723669
DJI_0005	412139.8869830108014867	460392.2928786017000675	138.3086023999348981	0.6975544182299939	-0.8146527074217297	-25.5902154733189953	0.9018151373900402	-0.4320558380387298	0.0075637815168246	0.4318880751937026	0.9017646969675138	0.0171208004651394	-0.0142178929403080	-0.0121730899832102	0.9998248183559953
