<?xml version="1.0" encoding="UTF-8"?>
<document version="1.4.0">
  <chunk label="Chunk 1" enabled="1">
    <sensors next_id="1">
      <sensor id="0" label="FC6520 (15mm)" type="frame">
        <resolution width="5280" height="3956"/>
        <property name="pixel_width" value="0.00327896585245789"/>
        <property name="pixel_height" value="0.00327896585245789"/>
        <property name="focal_length" value="15"/>
        <property name="fixed" value="0"/>
        <property name="layer_index" value="0"/>
        <bands>
          <band label="Red"/>
          <band label="Green"/>
          <band label="Blue"/>
        </bands>
        <calibration type="frame" class="adjusted">
          <resolution width="5280" height="3956"/>
          <f>3975.50838050457</f>
          <cx>407.937162292233</cx>
          <cy>127.326205201951</cy>
          <k1>-0.0272922700026622</k1>
          <k2>0.010207304500952</k2>
          <k3>-0.00507014584635529</k3>
          <p1>-0.00783659653121124</p1>
          <p2>0.0122402035722608</p2>
        </calibration>
        <covariance>
          <params>f cx cy k1 k2 k3 p1 p2</params>
          <coeffs>1.7535419178066375e+04 -4.1566009395970178e+02 2.7497397187670440e+03 -2.7476257326209952e-01 1.7253997825815090e-01 -1.2650908551157344e-01 -2.4616959053425438e-02 2.2156497986155880e-02 -4.1566009395971076e+02 1.4647244748453970e+03 1.7761587167973687e+02 9.5999197170298575e-03 -1.6781454812710182e-02 1.4988484073125932e-02 4.5026247275899243e-03 -4.8675515973566610e-03 2.7497397187669740e+03 1.7761587167973670e+02 6.9300614310527897e+02 -4.6505353866537230e-02 2.2899068899629837e-02 -1.5946562863099714e-02 -3.3931821603768596e-03 5.1911746144716253e-03 -2.7476257326209946e-01 9.5999197170300535e-03 -4.6505353866538410e-02 4.9249102295873850e-06 -2.9305799796873802e-06 2.1048197873593860e-06 4.2764414922690562e-07 -2.4088092679642987e-07 1.7253997825815121e-01 -1.6781454812710348e-02 2.2899068899630486e-02 -2.9305799796873671e-06 2.4050548076203171e-06 -1.7916293888434094e-06 -2.5790575139295288e-07 1.9777051006096176e-07 -1.2650908551157333e-01 1.4988484073125927e-02 -1.5946562863099801e-02 2.1048197873593762e-06 -1.7916293888434085e-06 1.3606607611095481e-06 2.2592964033027694e-07 -1.6527731350997503e-07 -2.4616959053425407e-02 4.5026247275899859e-03 -3.3931821603769815e-03 4.2764414922690604e-07 -2.5790575139295198e-07 2.2592964033027660e-07 2.9065916290953849e-07 -1.0999173403209098e-07 2.2156497986156473e-02 -4.8675515973565908e-03 5.1911746144715160e-03 -2.4088092679643580e-07 1.9777051006096962e-07 -1.6527731350997488e-07 -1.0999173403209206e-07 3.0791994893316497e-07</coeffs>
        </covariance>
      </sensor>
    </sensors>
    <cameras next_id="5" next_group_id="0">
      <camera id="0" sensor_id="0" label="DJI_0001" enabled="1">
        <transform>9.9966992432653989e-01 2.1974751806888199e-02 1.3309871524329043e-02 -3.8899126084004303e-02 2.1628640148774258e-02 -9.9943794182754675e-01 2.5612543037191224e-02 -3.3850767810659618e-03 1.3865219878650012e-02 -2.5316214538173086e-02 -9.9958333567500701e-01 4.5537004238298366e-02 0.0000000000000000e+00 0.0000000000000000e+00 0.0000000000000000e+00 1.0000000000000000e+00</transform>
        <orientation>1</orientation>
        <reference x="129.373520722222" y="36.7173076944444" z="99.8" yaw="18.2" pitch="0.0999999999999943" roll="0" enabled="1"/>
      </camera>
      <camera id="1" sensor_id="0" label="DJI_0002" enabled="1">
        <transform>9.9694233086857187e-01 -7.7942090629786756e-02 5.5695090086477321e-03 1.3603666728690011e-01 -7.8094466916614022e-02 -9.9627166373179155e-01 3.6660964009393435e-02 9.4541104960516453e-01 2.6913118268191843e-03 -3.6983814748431126e-02 -9.9931224063718171e-01 3.2251367467255321e-01 0.0000000000000000e+00 0.0000000000000000e+00 0.0000000000000000e+00 1.0000000000000000e+00</transform>
        <orientation>1</orientation>
        <reference x="129.373610583333" y="36.7174321111111" z="104.1" yaw="26.2" pitch="0.0999999999999943" roll="0" enabled="1"/>
      </camera>
      <camera id="2" sensor_id="0" label="DJI_0003" enabled="1">
        <transform>9.9497873525282721e-01 -9.9699325451268819e-02 8.7955044906536228e-03 6.6508876358747981e-01 -9.9998925898793375e-02 -9.9393799366574642e-01 4.5688943594685283e-02 3.6622116587055351e+00 4.1870292297471311e-03 -4.6339068314681126e-02 -9.9891699331523864e-01 1.1443455591089280e+00 0.0000000000000000e+00 0.0000000000000000e+00 0.0000000000000000e+00 1.0000000000000000e+00</transform>
        <orientation>1</orientation>
        <reference x="129.373981" y="36.7179314444444" z="121.4" yaw="28.6" pitch="0.0999999999999943" roll="0" enabled="1"/>
      </camera>
      <camera id="3" sensor_id="0" label="DJI_0004" enabled="1">
        <transform>9.9462721010190869e-01 -1.0288675789536605e-01 1.1446745156365181e-02 9.2372164207389129e-01 -1.0333734547932893e-01 -9.9336256935219736e-01 5.0519291753613645e-02 4.9843301572266512e+00 6.1730020395473258e-03 -5.1430738472058223e-02 -9.9865748542032085e-01 1.5994311016393710e+00 0.0000000000000000e+00 0.0000000000000000e+00 0.0000000000000000e+00 1.0000000000000000e+00</transform>
        <orientation>1</orientation>
        <reference x="129.374163611111" y="36.7181791388889" z="130" yaw="29.1" pitch="0.0999999999999943" roll="0" enabled="1"/>
      </camera>
      <camera id="4" sensor_id="0" label="DJI_0005" enabled="1">
        <transform>9.9429646739735889e-01 -1.0564856179612472e-01 1.4591652118343703e-02 1.2074566266426348e+00 -1.0631258691264403e-01 -9.9271491302038017e-01 5.6698636058379492e-02 6.3076768054328003e+00 8.4952213081155234e-03 -5.7926529823125739e-02 -9.9828470305698691e-01 2.0313825955135125e+00 0.0000000000000000e+00 0.0000000000000000e+00 0.0000000000000000e+00 1.0000000000000000e+00</transform>
        <orientation>1</orientation>
        <reference x="129.374347555556" y="36.718427" z="138.2" yaw="29.4" pitch="0.0999999999999943" roll="0" enabled="1"/>
      </camera>
    </cameras>
    <transform>
      <rotation locked="1">-8.5483213578107253e-01 9.8667415371162595e-02 -5.0943769077282119e-01 -4.3055351318391188e-01 -6.8284124812317715e-01 5.9021309892832186e-01 -2.8963026761884009e-01 7.2387331143340006e-01 6.2619624485737901e-01</rotation>
      <translation locked="1">-3.2472866597177978e+06 3.9570417720364733e+06 3.7923492912551882e+06</translation>
      <scale locked="1">2.2490067321595735e+01</scale>
    </transform>
    <reference>GEOGCS["WGS 84",DATUM["World Geodetic System 1984",SPHEROID["WGS 84",6378137,298.257223563,AUTHORITY["EPSG","7030"]],TOWGS84[0,0,0,0,0,0,0],AUTHORITY["EPSG","6326"]],PRIMEM["Greenwich",0,AUTHORITY["EPSG","8901"]],UNIT["degree",0.01745329251994328,AUTHORITY["EPSG","9102"]],AUTHORITY["EPSG","4326"]]</reference>
    <region>
      <center>-6.9225322331410133e-01 3.5683742815750850e+00 -3.8226798774542292e+00</center>
      <size>1.3299296092987060e+01 7.4858466148376461e+00 2.1041552543640134e+00</size>
      <R>-1.7890978617890130e-01 9.8309566177722163e-01 3.8912828273288534e-02 -9.8385138847600906e-01 -1.7855553551219855e-01 -1.2424416758185300e-02 -5.2662893244529241e-03 -4.0507289871807912e-02 9.9916536452380722e-01</R>
    </region>
    <settings>
      <property name="accuracy_tiepoints" value="1"/>
      <property name="accuracy_cameras" value="10"/>
      <property name="accuracy_cameras_ypr" value="10"/>
      <property name="accuracy_markers" value="0.005"/>
      <property name="accuracy_scalebars" value="0.001"/>
      <property name="accuracy_projections" value="0.1"/>
    </settings>
    <meta>
      <property name="align/adaptive_fitting" value="false"/>
      <property name="align/duration" value="1.616153"/>
      <property name="optimize/sigma0" value="0.112813870678415"/>
    </meta>
  </chunk>
</document>
